cvxhull
0.3733154906381 2.72469442743 2.5
-0.2333154906381 2.12469442743 2.5
-0.2333154906381 2.72469442743 2.5
0.3733154906381 2.12469442743 2.5
0.3733154906381 2.72469442743 2
-0.2333154906381 2.12469442743 2
-0.2333154906381 2.72469442743 2
0.3733154906381 2.12469442743 2
0.510543861539 -1.68338588213 2.5
-0.110543861539 -2.38338588213 2.5
-0.110543861539 -1.68338588213 2.5
0.510543861539 -2.38338588213 2.5
0.510543861539 -1.68338588213 2
-0.110543861539 -2.38338588213 2
-0.110543861539 -1.68338588213 2
0.510543861539 -2.38338588213 2
