cvxhull
0.443820387351 0.877049339002 0 
0.43667967559 0.894112179656 0
0.18634140274 1.13369425204 0
-0.0180224565625 0.896912816474 0
0.234015232701 1.13999336786 0
0.419908513578 0.906056053964 0 
0.186357271737 0.659475904029 0.782124938683
0.443820387351 0.877049339002 0.782124938683 
0.43667967559 0.894112179656 0.782124938683
0.18634140274 1.13369425204 0.782124938683
-0.0180224565625 0.896912816474 0.782124938683
0.234015232701 1.13999336786 0.782124938683
0.419908513578 0.906056053964 0.782124938683