cvxhull
2.4833598859 -0.863038967528 0
2.4510110153 -0.825615678625 0
2.41918223339 -0.81548303126 0
2.46262572749 -0.832793011441 0
2.45689158665 -0.807174420147 0
2.4539711582 -0.777531217469 0
1.72531745926 -0.896552759834 0
1.79862559622 -0.449788882278 0
2.10525383819 -1.09609041354 0
2.23107591908 -0.404497427421 0
2.4833598859 -0.863038967528 0.905030837395
2.4510110153 -0.825615678625 0.905030837395
2.41918223339 -0.81548303126 0.905030837395
2.46262572749 -0.832793011441 0.905030837395
2.45689158665 -0.807174420147 0.905030837395
2.4539711582 -0.777531217469 0.905030837395
1.72531745926 -0.896552759834 0.905030837395
1.79862559622 -0.449788882278 0.905030837395
2.10525383819 -1.09609041354 0.905030837395
2.23107591908 -0.404497427421 0.905030837395